+93
+355
+213
+1684
+134
+376
+244
+1264
+1268
+54
+374
+297
+247
+61
+672
+994
+1242
+973
+880
+1246
+32
+501
+375
+229
+1441
+975
+591
+387
+267
+55
+1284
+673
+359
+226
+257
+682
+235
+382
+420
+86
+45
+243
+246
+1767
+1809
+253
+20
+593
+291
+372
+251
+388
+298
+500
+679
+63
+358
+33
+594
+689
+241
+220
+233
+350
+881
+1473
+299
+995
+590
+1671
+502
+224
+245
+592
+509
+504
+852
+56
+385
+91
+62
+873
+870
+872
+871
+874
+964
+98
+353
+354
+39
+972
+1876
+81
+967
+27
+82
+962
+1345
+855
+237
+1
+238
+974
+7
+254
+686
+57
+269
+242
+506
+53
+965
+357
+996
+856
+266
+961
+231
+218
+423
+370
+371
+352
+853
+261
+36
+389
+60
+265
+960
+223
+356
+212
+692
+596
+230
+222
+52
+878
+979
+882
+800
+691
+373
+377
+976
+1664
+258
+95
+264
+674
+49
+977
+227
+234
+505
+683
+599
+31
+47
+687
+64
+968
+92
+680
+970
+507
+675
+595
+51
+225
+48
+1939
+1787
+351
+43
+262
+240
+40
+7
+250
+30
+508
+503
+685
+378
+966
+221
+850
+167
+248
+232
+65
+421
+386
+252
+971
+44
+1
+381
+94
+236
+249
+597
+290
+1758
+1869
+239
+1784
+268
+963
+677
+34
+46
+41
+992
+255
+66
+886
+228
+690
+676
+1868
+216
+90
+993
+1649
+688
+256
+380
+598
+1
+998
+678
+39
+58
+84
+670
+681
+260
+263
